0.0 0.0
0.02 125.65047721668739
0.04 251.22159089884778
0.06 376.6340276396636
0.08 501.80857425607445
0.1 626.6661678215213
0.12 751.1279456037853
0.14 875.1152948763803
0.16 998.5499025720351
0.18 1121.3538047469058
0.2 1243.449435824274
0.22 1364.7596775866261
0.24 1485.2079078851746
0.26 1604.7180490360474
0.28 1723.2146158725852
0.3 1840.6227634233896
0.32 1956.8683341860121
0.34 2071.877904966421
0.36 2185.5788332546645
0.38 2297.899303107439
0.4 2408.7683705085765
0.42 2518.116008178804
0.44 2625.8731498064785
0.46 2731.9717336713456
0.48 2836.3447456337826
0.5 2938.926261462366
0.52 3039.651488473027
0.54 3138.456806453503
0.56 3235.2798078472215
0.58 3330.059337171258
0.6 3422.735529643443
0.62 3513.249848994246
0.64 3601.5451244395344
0.66 3687.5655867908695
0.68 3771.2569036805194
0.7000000000000001 3852.566213878946
0.72 3931.4421606830947
0.74 4007.834924354383
0.76 4081.6962535859193
0.78 4152.979495979062
0.8 4221.639627510075
0.8200000000000001 4287.633280968262
0.84 4350.918773347628
0.86 4411.456132174766
0.88 4469.207120756319
0.9 4524.135262330098
0.92 4576.2058631045875
0.9400000000000001 4625.38603417229
0.96 4671.6447122830605
0.98 4714.9526794643225
1.0 4755.282581475768
1.02 4792.608945086879
1.04 4826.908194166369
1.06 4858.15866457337
1.08 4886.340617840968
1.1 4911.436253643444
1.12 4933.429721039341
1.1400000000000001 4952.307128483256
1.16 4968.056552600042
1.18 4980.668045715863
1.2 4990.133642141358
1.22 4996.447363202946
1.24 4999.605221019081
1.26 4999.605221019081
1.28 4996.447363202946
1.3 4990.133642141358
1.32 4980.668045715862
1.34 4968.056552600042
1.36 4952.307128483256
1.3800000000000001 4933.429721039341
1.4000000000000001 4911.436253643444
1.42 4886.340617840968
1.44 4858.15866457337
1.46 4826.908194166369
1.48 4792.608945086879
1.5 4755.282581475768
1.52 4714.9526794643225
1.54 4671.6447122830605
1.56 4625.38603417229
1.58 4576.2058631045875
1.6 4524.135262330097
1.62 4469.207120756319
1.6400000000000001 4411.456132174766
1.6600000000000001 4350.918773347627
1.68 4287.633280968262
1.7 4221.639627510076
1.72 4152.979495979064
1.74 4081.69625358592
1.76 4007.8349243543826
1.78 3931.4421606830942
1.8 3852.566213878946
1.82 3771.2569036805185
1.84 3687.5655867908695
1.86 3601.5451244395335
1.8800000000000001 3513.249848994246
1.9000000000000001 3422.7355296434444
1.92 3330.0593371712584
1.94 3235.279807847221
1.96 3138.456806453503
1.98 3039.6514884730263
2.0 2938.9262614623663
2.02 2836.3447456337835
2.04 2731.971733671346
2.06 2625.8731498064803
2.08 2518.1160081788043
2.1 2408.768370508576
2.12 2297.899303107438
2.14 2185.5788332546645
2.16 2071.8779049664195
2.18 1956.868334186012
2.2 1840.6227634233887
2.22 1723.2146158725852
2.24 1604.7180490360463
2.2600000000000002 1485.2079078851746
2.2800000000000002 1364.7596775866252
2.3000000000000003 1243.4494358242719
2.32 1121.3538047469071
2.34 998.5499025720375
2.36 875.1152948763815
2.38 751.1279456037878
2.4 626.6661678215227
2.42 501.8085742560749
2.44 376.634027639663
2.46 251.2215908988483
2.48 125.65047721668684
2.5 6.123233995736766e-13
2.52 -125.65047721668563
2.54 -251.2215908988471
2.56 -376.63402763966394
2.58 -501.80857425607365
2.6 -626.6661678215214
2.62 -751.1279456037844
2.64 -875.1152948763826
2.66 -998.5499025720362
2.68 -1121.353804746906
2.7 -1243.4494358242728
2.72 -1364.7596775866284
2.74 -1485.2079078851755
2.7600000000000002 -1604.7180490360474
2.7800000000000002 -1723.2146158725861
2.8000000000000003 -1840.6227634233896
2.82 -1956.8683341860108
2.84 -2071.877904966418
2.86 -2185.5788332546613
2.88 -2297.8993031074388
2.9 -2408.768370508575
2.92 -2518.116008178804
2.94 -2625.8731498064767
2.96 -2731.9717336713466
2.98 -2836.3447456337826
3.0 -2938.9262614623653
3.02 -3039.6514884730254
3.04 -3138.4568064535
3.06 -3235.2798078472215
3.08 -3330.059337171257
3.1 -3422.7355296434434
3.12 -3513.2498489942454
3.14 -3601.545124439536
3.16 -3687.5655867908704
3.18 -3771.256903680519
3.2 -3852.5662138789467
3.22 -3931.4421606830956
3.24 -4007.834924354385
3.2600000000000002 -4081.6962535859197
3.2800000000000002 -4152.979495979064
3.3000000000000003 -4221.639627510074
3.3200000000000003 -4287.633280968263
3.34 -4350.918773347628
3.36 -4411.456132174765
3.38 -4469.2071207563195
3.4 -4524.135262330096
3.42 -4576.2058631045875
3.44 -4625.386034172288
3.46 -4671.6447122830605
3.48 -4714.952679464322
3.5 -4755.282581475768
3.52 -4792.608945086879
3.54 -4826.908194166369
3.56 -4858.1586645733705
3.58 -4886.340617840967
3.6 -4911.436253643444
3.62 -4933.42972103934
3.64 -4952.307128483257
3.66 -4968.056552600042
3.68 -4980.668045715863
3.7 -4990.133642141358
3.72 -4996.447363202947
3.74 -4999.605221019081
3.7600000000000002 -4999.605221019081
3.7800000000000002 -4996.447363202946
3.8000000000000003 -4990.133642141358
3.8200000000000003 -4980.668045715862
3.84 -4968.056552600042
3.86 -4952.307128483257
3.88 -4933.429721039341
3.9 -4911.436253643444
3.92 -4886.340617840968
3.94 -4858.1586645733705
3.96 -4826.908194166369
3.98 -4792.60894508688
4.0 -4755.282581475768
4.0200000000000005 -4714.9526794643225
4.04 -4671.644712283061
4.0600000000000005 -4625.386034172289
4.08 -4576.205863104588
4.1 -4524.1352623301
4.12 -4469.20712075632
4.14 -4411.456132174768
4.16 -4350.918773347629
4.18 -4287.6332809682635
4.2 -4221.639627510075
4.22 -4152.979495979064
4.24 -4081.696253585918
4.26 -4007.8349243543857
4.28 -3931.4421606830942
4.3 -3852.566213878948
4.32 -3771.256903680517
4.34 -3687.5655867908704
4.36 -3601.545124439534
4.38 -3513.249848994245
4.4 -3422.7355296434416
4.42 -3330.059337171259
4.44 -3235.2798078472215
4.46 -3138.456806453501
4.48 -3039.6514884730254
4.5 -2938.9262614623667
4.5200000000000005 -2836.3447456337826
4.54 -2731.9717336713484
4.5600000000000005 -2625.8731498064767
4.58 -2518.1160081788053
4.6000000000000005 -2408.768370508573
4.62 -2297.8993031074424
4.64 -2185.5788332546667
4.66 -2071.877904966422
4.68 -1956.8683341860167
4.7 -1840.6227634233894
4.72 -1723.2146158725877
4.74 -1604.718049036045
4.76 -1485.2079078851793
4.78 -1364.759677586626
4.8 -1243.4494358242769
4.82 -1121.3538047469035
4.84 -998.549902572036
4.86 -875.1152948763801
4.88 -751.1279456037839
4.9 -626.6661678215189
4.92 -501.8085742560755
4.94 -376.6340276396636
4.96 -251.2215908988467
4.98 -125.65047721668525
5.0 -1.2246467991473533e-12
5.0200000000000005 125.65047721668722
5.04 251.22159089884425
5.0600000000000005 376.63402763966553
5.08 501.80857425607303
5.1000000000000005 626.6661678215253
5.12 751.127945603786
5.14 875.1152948763732
5.16 998.5499025720335
5.18 1121.3538047469053
5.2 1243.4494358242744
5.22 1364.7596775866234
5.24 1485.207907885173
5.26 1604.7180490360424
5.28 1723.2146158725898
5.3 1840.622763423387
5.32 1956.8683341860144
5.34 2071.87790496642
5.36 2185.5788332546645
5.38 2297.8993031074406
5.4 2408.768370508574
5.42 2518.1160081788034
5.44 2625.8731498064826
5.46 2731.9717336713425
5.48 2836.3447456337844
5.5 2938.926261462361
5.5200000000000005 3039.651488473027
5.54 3138.456806453503
5.5600000000000005 3235.279807847223
5.58 3330.0593371712566
5.6000000000000005 3422.735529643443
5.62 3513.249848994243
5.64 3601.5451244395326
5.66 3687.5655867908686
5.68 3771.2569036805153
5.7 3852.566213878946
5.72 3931.44216068309
5.74 4007.8349243543844
5.76 4081.6962535859193
5.78 4152.979495979063
5.8 4221.639627510073
5.82 4287.633280968261
5.84 4350.918773347628
5.86 4411.456132174769
5.88 4469.207120756318
5.9 4524.135262330098
5.92 4576.205863104589
5.94 4625.38603417229
5.96 4671.6447122830605
5.98 4714.952679464322
6.0 4755.282581475768
6.0200000000000005 4792.608945086881
6.04 4826.908194166368
6.0600000000000005 4858.15866457337
6.08 4886.340617840966
6.1000000000000005 4911.436253643444
6.12 4933.429721039341
6.140000000000001 4952.307128483257
6.16 4968.056552600042
6.18 4980.668045715863
6.2 4990.133642141358
6.22 4996.447363202946
6.24 4999.605221019081
6.26 4999.605221019081
6.28 4996.447363202946
6.3 4990.133642141358
6.32 4980.668045715862
6.34 4968.056552600042
6.36 4952.307128483256
6.38 4933.429721039341
6.4 4911.436253643443
6.42 4886.340617840969
6.44 4858.158664573369
6.46 4826.908194166371
6.48 4792.608945086878
6.5 4755.282581475768
6.5200000000000005 4714.9526794643225
6.54 4671.6447122830605
6.5600000000000005 4625.386034172289
6.58 4576.205863104587
6.6000000000000005 4524.1352623301
6.62 4469.20712075632
6.640000000000001 4411.456132174763
6.66 4350.918773347629
6.68 4287.633280968262
6.7 4221.639627510075
6.72 4152.979495979067
6.74 4081.6962535859184
6.76 4007.8349243543807
6.78 3931.4421606830974
6.8 3852.5662138789485
6.82 3771.2569036805203
6.84 3687.5655867908704
6.86 3601.5451244395344
6.88 3513.2498489942514
6.9 3422.735529643442
6.92 3330.059337171256
6.94 3235.2798078472183
6.96 3138.456806453505
6.98 3039.651488473029
7.0 2938.9262614623667
7.0200000000000005 2836.344745633776
7.04 2731.971733671345
7.0600000000000005 2625.8731498064776
7.08 2518.1160081788094
7.1000000000000005 2408.7683705085733
7.12 2297.899303107435
7.140000000000001 2185.5788332546676
7.16 2071.8779049664226
7.18 1956.868334186013
7.2 1840.6227634233899
7.22 1723.214615872584
7.24 1604.7180490360538
7.26 1485.2079078851798
7.28 1364.7596775866223
7.3 1243.4494358242775
7.32 1121.3538047469083
7.34 998.5499025720366
7.36 875.1152948763806
7.38 751.1279456037846
7.4 626.6661678215195
7.42 501.80857425608053
7.44 376.6340276396598
7.46 251.22159089885173
7.48 125.65047721668141
7.5 1.83697019872103e-12
7.5200000000000005 -125.65047721668661
7.54 -251.22159089884806
7.5600000000000005 -376.6340276396649
7.58 -501.80857425607684
7.6000000000000005 -626.6661678215158
7.62 -751.127945603781
7.640000000000001 -875.1152948763857
7.66 -998.5499025720329
7.68 -1121.3538047469046
7.7 -1243.449435824274
7.72 -1364.7596775866186
7.74 -1485.2079078851766
7.76 -1604.7180490360504
7.78 -1723.214615872581
7.8 -1840.6227634233862
7.82 -1956.8683341860096
7.84 -2071.8779049664195
7.86 -2185.578833254664
7.88 -2297.899303107432
7.9 -2408.768370508578
7.92 -2518.1160081788066
7.94 -2625.8731498064817
7.96 -2731.9717336713425
7.98 -2836.34474563378
8.0 -2938.926261462364
8.02 -3039.6514884730263
8.040000000000001 -3138.4568064535024
8.06 -3235.2798078472224
8.08 -3330.0593371712534
8.1 -3422.7355296434393
8.120000000000001 -3513.249848994249
8.14 -3601.5451244395317
8.16 -3687.565586790868
8.18 -3771.2569036805185
8.2 -3852.5662138789403
8.22 -3931.442160683095
8.24 -4007.834924354379
8.26 -4081.6962535859166
8.28 -4152.979495979061
8.3 -4221.639627510078
8.32 -4287.63328096826
8.34 -4350.918773347627
8.36 -4411.456132174762
8.38 -4469.207120756323
8.4 -4524.135262330098
8.42 -4576.205863104586
8.44 -4625.386034172288
8.46 -4671.644712283061
8.48 -4714.952679464324
8.5 -4755.282581475767
8.52 -4792.608945086877
8.540000000000001 -4826.908194166372
8.56 -4858.15866457337
8.58 -4886.340617840968
8.6 -4911.436253643443
8.620000000000001 -4933.4297210393415
8.64 -4952.307128483257
8.66 -4968.056552600042
8.68 -4980.668045715862
8.700000000000001 -4990.133642141358
8.72 -4996.447363202946
8.74 -4999.605221019081
8.76 -4999.605221019081
8.78 -4996.447363202947
8.8 -4990.133642141357
8.82 -4980.668045715863
8.84 -4968.056552600042
8.86 -4952.307128483256
8.88 -4933.429721039341
8.9 -4911.436253643443
8.92 -4886.340617840967
8.94 -4858.158664573371
8.96 -4826.908194166368
8.98 -4792.60894508688
9.0 -4755.282581475769
9.02 -4714.9526794643225
9.040000000000001 -4671.6447122830605
9.06 -4625.386034172289
9.08 -4576.20586310459
9.1 -4524.1352623301
9.120000000000001 -4469.207120756318
9.14 -4411.456132174768
9.16 -4350.918773347629
9.18 -4287.633280968262
9.200000000000001 -4221.639627510071
9.22 -4152.979495979062
9.24 -4081.6962535859243
9.26 -4007.8349243543867
9.28 -3931.4421606830974
9.3 -3852.566213878943
9.32 -3771.256903680521
9.34 -3687.565586790871
9.36 -3601.5451244395413
9.38 -3513.2498489942395
9.4 -3422.7355296434425
9.42 -3330.059337171263
9.44 -3235.2798078472256
9.46 -3138.456806453499
9.48 -3039.6514884730223
9.5 -2938.926261462367
9.52 -2836.344745633791
9.540000000000001 -2731.9717336713384
9.56 -2625.873149806478
9.58 -2518.1160081788025
9.6 -2408.7683705085815
9.620000000000001 -2297.8993031074356
9.64 -2185.57883325466
9.66 -2071.877904966423
9.68 -1956.8683341860135
9.700000000000001 -1840.6227634233903
9.72 -1723.2146158725848
9.74 -1604.718049036046
9.76 -1485.207907885172
9.78 -1364.7596775866311
9.8 -1243.4494358242694
9.82 -1121.353804746909
9.84 -998.5499025720371
9.86 -875.1152948763813
9.88 -751.1279456037852
9.9 -626.66616782152
9.92 -501.80857425607223
9.94 -376.6340276396692
9.96 -251.2215908988435
9.98 -125.6504772166909
10.0 0.0
10.1 99.99999999999964
10.2 199.9999999999993
10.299999999999999 299.999999999999
10.399999999999999 399.9999999999986
10.499999999999998 499.9999999999982
10.599999999999998 599.999999999998
10.699999999999998 699.9999999999975
10.799999999999997 799.9999999999972
10.899999999999997 899.9999999999967
10.999999999999996 999.9999999999964
11.099999999999996 1099.9999999999961
11.199999999999996 1199.999999999996
11.299999999999995 1299.9999999999955
11.399999999999995 1399.999999999995
11.499999999999995 1499.9999999999948
11.599999999999994 1599.9999999999943
11.699999999999994 1699.9999999999939
11.799999999999994 1799.9999999999934
11.899999999999993 1899.9999999999932
11.999999999999993 1999.9999999999927
12.099999999999993 2099.9999999999923
12.199999999999992 2199.9999999999923
12.299999999999992 2299.999999999992
12.399999999999991 2399.999999999992
12.499999999999991 2499.9999999999914
12.59999999999999 2599.999999999991
12.69999999999999 2699.9999999999905
12.79999999999999 2799.99999999999
12.89999999999999 2899.99999999999
12.99999999999999 2999.9999999999895
13.099999999999989 3099.999999999989
13.199999999999989 3199.9999999999886
13.299999999999988 3299.999999999988
13.399999999999988 3399.9999999999877
13.499999999999988 3499.9999999999877
13.599999999999987 3599.999999999987
13.699999999999987 3699.999999999987
13.799999999999986 3799.9999999999864
13.899999999999986 3899.9999999999864
13.999999999999986 3999.9999999999854
14.099999999999985 4099.999999999985
14.199999999999985 4199.9999999999845
14.299999999999985 4299.9999999999845
14.399999999999984 4399.9999999999845
14.499999999999984 4499.999999999984
14.599999999999984 4599.999999999984
14.699999999999983 4699.999999999984
14.799999999999983 4799.999999999984
14.899999999999983 4899.999999999983
14.999999999999982 4999.999999999983
15.099999999999982 5099.999999999982
15.199999999999982 5199.999999999982
15.299999999999981 5299.999999999981
15.39999999999998 5399.999999999981
15.49999999999998 5499.99999999998
15.59999999999998 5599.99999999998
15.69999999999998 5699.99999999998
15.79999999999998 5799.99999999998
15.899999999999979 5899.999999999979
15.999999999999979 5999.999999999979
16.09999999999998 6099.99999999998
16.199999999999978 6199.999999999978
16.299999999999976 6299.999999999976
16.399999999999977 6399.999999999977
16.49999999999998 6499.999999999979
16.599999999999977 6599.999999999976
16.699999999999974 6699.999999999974
16.799999999999976 6799.999999999975
16.899999999999977 6899.999999999976
16.999999999999975 6999.999999999975
17.099999999999973 7099.999999999973
17.199999999999974 7199.999999999974
17.299999999999976 7299.999999999975
17.399999999999974 7399.999999999974
17.49999999999997 7499.999999999971
17.599999999999973 7599.999999999973
17.699999999999974 7699.999999999974
17.799999999999972 7799.999999999973
17.89999999999997 7899.999999999969
17.99999999999997 7999.999999999971
18.099999999999973 8099.999999999973
18.19999999999997 8199.99999999997
18.29999999999997 8299.999999999969
18.39999999999997 8399.999999999969
18.49999999999997 8499.99999999997
18.59999999999997 8599.999999999969
18.699999999999967 8699.999999999967
18.79999999999997 8799.999999999969
18.89999999999997 8899.999999999969
18.999999999999968 8999.999999999967
19.099999999999966 9099.999999999967
19.199999999999967 9199.999999999967
19.29999999999997 9299.999999999969
19.399999999999967 9399.999999999967
19.499999999999964 9499.999999999965
19.599999999999966 9599.999999999967
19.699999999999967 9699.999999999967
19.799999999999965 9799.999999999965
19.899999999999963 9899.999999999964
